0	3.72E-06	6.89E-16	-0.067436771	-1.33E-02	-0.000197968	-2.50E-05	1.65E-07	-1.21E-16	0.000955956	-2.50E-05	-0.067801916	-0.013285518
1	0.019623799	0.044158279	-0.082408759	-0.020252808	-0.000218256	-8.82E-06	-6.86E-05	2.72E-05	0.020571467	0.044149454	-0.082377069	-0.020225619
2	0.20064083	0.307666709	-0.168277952	-0.10461559	-0.000328349	4.28E-05	-8.91E-05	1.38E-05	0.201985213	0.30770947	-0.168032851	-0.104601773
3	0.581992339	0.659354782	-0.114307332	-0.085358759	-0.000327492	4.25E-06	-1.49E-05	-4.51E-05	0.583423589	0.659359033	-0.114258961	-0.085403899
4	0.728240007	0.776029984	-0.047813269	-0.034376778	-0.00031443	-4.62E-05	-6.84E-06	-2.92E-06	0.729664073	0.775983793	-0.0477759	-0.034379699
5	0.800019225	0.830302979	-0.025239814	-0.015608497	-0.00031115	-2.35E-06	-2.55E-06	4.91E-05	0.801442444	0.830300634	-0.025213043	-0.015559445
6	0.836722574	0.859463319	-0.013210436	-0.007282998	-0.000310569	5.31E-05	-1.76E-06	1.33E-06	0.838145109	0.85951638	-0.013180915	-0.007281663
7	0.856658076	0.876449828	-0.00708129	-0.003161014	-0.000307388	-5.43E-07	7.18E-07	-5.84E-05	0.85808401	0.876449285	-0.007036548	-0.003219406
8	0.869888661	0.887126058	-0.003233161	-0.000886077	-0.000308053	-6.52E-05	2.79E-06	2.93E-06	0.871322422	0.887060839	-0.003184372	-0.000883144
9	0.877423279	0.894032126	-0.003046101	0.000477742	-0.000311341	5.78E-06	6.14E-06	7.25E-05	0.878840843	0.89403791	-0.003008156	0.00055022
10	0.883797546	0.89881186	-0.005135376	0.001293864	-0.000318567	7.97E-05	-4.72E-06	-1.13E-05	0.885176303	0.898891517	-0.005123291	0.001282522
11	0.886189708	0.902209325	-0.000759401	0.001778959	-0.000301177	-2.10E-05	1.50E-05	-9.02E-05	0.887613553	0.902188284	-0.000650466	0.001688765
12	0.888738942	0.904833874	-0.000682084	0.00212256	-0.00030472	-1.06E-04	1.21E-05	2.94E-05	0.890110238	0.90472789	-0.000566996	0.002151966
13	0.890603259	0.906761104	-0.00194172	0.002395574	-0.000330208	3.39E-05	1.23E-05	1.16E-04	0.891749732	0.906794988	-0.001867066	0.002512029
14	0.891869129	0.908266053	-6.53E-05	0.002587611	-0.000287593	1.16E-04	2.10E-05	-5.41E-05	0.892993937	0.908382009	0.000178158	0.002533464
15	0.895608248	0.909338608	8.33E-05	-0.001373176	-0.000319439	-1.02E-04	-2.50E-05	-1.37E-04	0.89630201	0.909236534	0.000351973	-0.001510434
16	0.89611125	0.910182366	-0.002389886	-0.00353286	-0.000347183	-1.99E-04	3.76E-05	1.20E-04	0.896199606	0.909983629	-0.001481583	-0.003412958
17	0.897863663	0.910672037	-0.001689335	-0.003387055	-0.000328204	7.71E-05	-7.16E-06	1.96E-04	0.897383819	0.910749135	1.81E-06	-0.003190622
18	0.900316471	0.910937728	-0.007050698	-0.003282364	-0.000463772	7.19E-05	4.48E-05	-0.000161413	0.898434793	0.911009657	-0.003588805	-0.003443777
19	0.900577312	0.91096101	-0.016050453	-0.003200974	-0.000555541	-4.80E-04	0.000103682	-0.000150571	0.896902027	0.91048125	-0.007101156	-0.003351544
20	0.886134636	0.910844323	-0.0202867	-0.003153338	-0.000627304	-6.13E-04	-2.49E-05	0.000460518	0.892476758	0.910231499	-0.004047631	-0.002692821
21	0.874562536	0.910666814	-0.016285405	-0.003202603	-0.000970265	-2.13E-04	0.000328503	0.000428869	0.888705876	0.910453992	-0.005599916	-0.002773734
22	0.873457361	0.910660561	-0.011476452	-0.003396781	-0.001529818	-1.00E-03	0.000532722	-0.000297806	0.888005056	0.909658845	-0.005686951	-0.003694587
23	0.873176237	0.911221422	-0.007901539	-0.003890152	-0.002276628	-3.11E-03	0.000852843	0.000460349	0.885653346	0.908110089	-0.003755619	-0.003429803
24	0.874644502	0.91309778	-0.004965912	-0.00502527	-0.003826464	-4.07E-03	0.001187926	0.002510012	0.886369676	0.90902853	-0.001134902	-0.002515258
25	0.876956454	0.918291641	-0.004496323	-0.007870918	-0.006559828	-5.51E-03	0.00232773	0.002127697	0.886945806	0.912783927	-0.000824332	-0.00574322
26	0.885944183	0.931870033	-0.014106974	-0.015985291	-0.012340592	-1.57E-02	0.005416445	0.002244634	0.89145572	0.916158396	-0.009234049	-0.013740656
27	0.914425279	0.970977867	-0.033239672	-0.051215032	-0.024333534	-3.55E-02	0.011669445	0.020500722	0.910333033	0.935505891	-0.024151082	-0.03071431
28	0.900624533	0.926393738	-0.219697976	-0.293243019	-0.042763637	-2.26E-02	0.052272581	0.073787861	0.882130295	0.9038076	-0.181708151	-0.219455159
29	0.602264522	0.60666674	-0.143901106	-0.162564535	-0.000314236	1.36E-02	0.086151976	0.075615424	0.6125184	0.620261193	-0.077928005	-0.086949111
30	0.543081393	0.553087834	0.05367935	0.014442635	0.029366696	3.41E-02	0.095182802	0.082129523	0.576708254	0.587201394	0.130121446	0.096572158
31	0.586528735	0.577891007	0.249888847	0.209112125	0.066675443	5.84E-02	0.110092999	0.098009569	0.650741247	0.636308293	0.339981839	0.307121695
32	0.833863255	0.80646976	0.306416975	0.258265631	0.146547524	1.38E-01	0.081956626	0.092223546	0.956221971	0.944876162	0.382386609	0.350489177
33	0.678324379	0.619424565	0.155703747	0.156956023	0.127119182	1.35E-01	0.016561058	0.019809019	0.803906026	0.754539923	0.179658259	0.176765041
34	0.26851871	0.203947996	0.181825824	0.157576426	0.110630304	1.12E-01	0.007598998	0.003342402	0.378785995	0.315992524	0.194339658	0.160918828
35	0.064150937	0.042467454	0.047152668	0.039206121	0.102996338	1.02E-01	0.002856688	0.003272819	0.167877433	0.144649397	0.052290043	0.042478939
36	0.008658298	-0.003664988	0.021511735	0.020860097	0.099580712	1.00E-01	0.001404611	0.002828904	0.108650555	0.096775252	0.02358876	0.023689001
37	-0.043370427	-0.058228437	0.043023485	0.049885882	0.097401753	9.88E-02	0.00117765	0.000753109	0.054232293	0.040612867	0.044264897	0.050638991
38	-0.231902628	-0.280826767	0.164733227	0.174698284	0.096531588	9.68E-02	0.000785459	0.000233305	-0.134341486	-0.184074448	0.164850409	0.174931588
39	-0.603595128	-0.626101038	0.112019448	0.097657903	0.095781198	9.61E-02	0.000382613	0.000761459	-0.504792005	-0.530036803	0.111897857	0.098419362
40	-0.750721299	-0.758220798	0.047462918	0.040671007	0.095508277	9.62E-02	-0.000277462	0.000712538	-0.651361363	-0.661997448	0.047025415	0.041383545
41	-0.816996527	-0.820768232	0.023723856	0.018901309	0.095127045	0.09608856	0.000100204	0.000327846	-0.717749727	-0.724679673	0.023544985	0.019229155
42	-0.853511955	-0.854314997	0.012030312	0.009112442	0.09516818	9.58E-02	7.16E-05	0.000213886	-0.75386012	-0.758535266	0.011829445	0.009326328
43	-0.876515375	-0.873793011	0.007996165	0.004168553	0.09509252	9.56E-02	-0.000136365	0.00031129	-0.776292137	-0.778201393	0.007547176	0.004479844
44	-0.886742847	-0.885724564	0.005672623	0.00143196	0.094926834	9.56E-02	2.93E-06	0.000502335	-0.7863527	-0.790106074	0.004718114	0.001934294
45	-0.897361903	-0.89334355	0.003510941	0.005367409	0.095069698	0.095917709	-2.49E-06	-0.000110236	-0.795906978	-0.797425841	0.002117953	0.005257173
46	-0.903250426	-0.898513945	0.006219044	0.005251334	0.094975522	9.60E-02	-5.33E-05	-0.000608717	-0.800462761	-0.802555184	0.003118916	0.004642617
47	-0.907074852	-0.902269061	0.005867982	0.004716989	0.095085479	9.55E-02	0.00013204	-0.00063503	-0.802816851	-0.806773681	0.000417439	0.004081959
48	-0.914601673	-0.90506032	0.012778857	0.004372481	0.095363484	0.09564296	-0.000146806	1.22E-05	-0.807118355	-0.80941736	0.00213458	0.004384665
49	-0.918439122	-0.907296368	0.028006604	0.004161617	0.095462689	0.096733065	-0.000158674	-0.000152597	-0.808857205	-0.810563302	0.002962647	0.00400902
50	-0.89924841	-0.909133996	0.038147962	0.00407887	0.095955035	0.096896586	0.000286816	-0.001356856	-0.810043346	-0.812237409	-0.001061347	0.002722014
51	-0.881661176	-0.910951715	0.036912236	0.004133174	0.09653072	0.096233286	-0.000692282	-0.0011342	-0.809899494	-0.814718429	0.002645441	0.002998974
52	-0.872550365	-0.912883629	0.029735002	0.004368488	0.097850507	0.098238604	-0.001312987	2.18E-04	-0.811334872	-0.814645025	0.003568636	0.004586862
53	-0.868463468	-0.915609366	0.018527775	0.004999038	0.099470659	0.102726522	-0.00197696	-0.001747927	-0.811771821	-0.812882844	0.002460707	0.003251111
54	-0.875831264	-0.919965162	0.009720714	0.006417103	0.103250268	0.10481046	-0.002543704	-0.005931274	-0.815224161	-0.815154702	0.00100667	0.000485829
55	-0.882719958	-0.928457489	0.008791859	0.009824591	0.109467682	0.109306128	-0.005134213	-0.005006736	-0.818439266	-0.819151361	0.001951263	0.004817856
56	-0.897102186	-0.946986031	0.019041541	0.019534168	0.122864485	0.133801893	-0.012986457	-0.007519408	-0.826412709	-0.813184138	0.01119265	0.01201476
57	-0.93521571	-0.995605841	0.041051577	0.06270577	0.151391164	0.178682377	-0.028202709	-0.053952958	-0.85066696	-0.816923463	0.027619792	0.008752812
58	-0.932895701	-0.910431415	0.24587581	0.323567359	0.189276754	0.130474823	-0.134319812	-0.186093219	-0.834059635	-0.779956592	0.185310735	0.13747414
59	-0.623685528	-0.621426888	0.181490445	0.155382204	0.066903914	0.035494579	-0.196394409	-0.168111062	-0.581871905	-0.585932309	0.098971141	-0.012728858
60	-0.568234793	-0.589106462	-0.015338979	-0.016180504	-0.000130671	-0.010750304	-0.190552464	-0.163200027	-0.554737704	-0.599856766	-0.088202412	-0.179380531
61	-0.630079319	-0.662870917	-0.212398034	-0.233268925	-0.067193933	-0.052871962	-0.196489264	-0.175782967	-0.638211236	-0.715742879	-0.278422847	-0.409051891
62	-0.950222757	-1.010595285	-0.2673056	-0.214813969	-0.189721145	-0.179254334	-0.134443169	-0.144582497	-0.981742579	-1.189849619	-0.314134619	-0.359396466
63	-0.940800644	-0.954161852	-0.049354961	-0.042584461	-0.151835382	-0.163477682	-0.02822142	-0.029905295	-0.967536449	-1.117639534	-0.068594676	-0.072489756
64	-0.889603809	-0.910379027	-0.027377461	-0.020143978	-0.123286185	-0.12260713	-0.012995115	-0.004418622	-0.894289493	-1.032986158	-0.047998934	-0.0245626
65	-0.860039802	-0.882424932	-0.020191192	-0.0165713	-0.109877111	-0.106498567	-0.005139968	-0.00593402	-0.863891937	-0.988923499	-0.065544818	-0.02250532
66	-0.830613416	-0.852880638	-0.032174939	-0.019965345	-0.103649624	-0.104406414	-0.002554792	-0.004802406	-0.854852943	-0.957287051	-0.094246656	-0.024767752
67	-0.801243534	-0.80897202	-0.055366799	-0.030863543	-0.099886494	-0.101297287	-0.002014184	-0.000620442	-0.845113584	-0.910269307	-0.122216047	-0.031483984
68	-0.748308275	-0.729584678	-0.082249016	-0.057885651	-0.098255183	-0.097184086	-0.001325424	-6.71E-05	-0.811673019	-0.826768764	-0.154183953	-0.057952722
69	-0.616535765	-0.555912564	-0.131654816	-0.133469356	-0.096938545	-0.096319035	-0.000716344	-0.001407784	-0.710955957	-0.652231598	-0.206822966	-0.134877139
70	-0.244722339	-0.168051245	-0.168480511	-0.132707277	-0.096343074	-0.096961871	0.00024332	-0.001010849	-0.372450365	-0.265013115	-0.213369576	-0.133718127
71	-0.056481954	-0.03594302	-0.044438495	-0.033888838	-0.095840146	-0.096410108	-0.000216788	-3.19E-06	-0.174641603	-0.132353128	-0.056993099	-0.033892024
72	-0.005396781	0.007337593	-0.019604064	-0.021559788	-0.095793074	-9.55E-02	-0.000153376	-0.000148683	-0.113071321	-0.088208738	-0.023942438	-0.021708471
73	0.046643174	0.067677413	-0.040479913	-0.056864378	-0.095639833	-0.095592366	0.000115388	-0.00062378	-0.056327262	-0.027914953	-0.041921333	-0.057488159
74	0.232112504	0.325293595	-0.164736955	-0.180469422	-0.095407563	-9.59E-02	8.63E-06	-0.000546027	0.130452738	0.229374437	-0.164440694	-0.18101545
75	0.604220314	0.643634091	-0.110426135	-0.09383883	-0.095508022	-9.60E-02	1.89E-06	0.000438468	0.500896915	0.547682166	-0.109367838	-0.093400362
76	0.750483813	0.765791766	-0.051177142	-0.043023827	-0.095395352	-9.57E-02	6.24E-05	0.000604755	0.645815465	0.670047879	-0.048751975	-0.042419072
77	0.819452062	0.824678315	-0.027690129	-0.023501785	-0.095464119	-0.095519616	-0.000137783	0.000418864	0.713130455	0.729158698	-0.022965365	-0.023082921
78	0.859334222	0.856697268	-0.023244813	-0.014684666	-0.095740176	-9.59E-02	0.000114354	7.34E-06	0.749849928	0.760826112	-0.013624336	-0.014677325
79	0.882952772	0.875607199	-0.032694671	-0.010186207	-0.095852446	-9.67E-02	0.000150494	0.000370806	0.770437236	0.778868276	-0.009660003	-0.009815401
80	0.876618541	0.887412977	-0.041460425	-0.007737377	-0.096306214	-9.67E-02	-0.000343116	0.001345888	0.782325023	0.790691544	-0.002986404	-0.006391489
81	0.86580004	0.895466005	-0.041228912	-0.006499526	-0.096886885	-9.63E-02	0.000662331	0.000914741	0.789133135	0.799126873	-0.005422781	-0.005584784
82	0.860016044	0.9017115	-0.03483218	-0.00609379	-0.098218073	-9.87E-02	0.001277285	-0.000142402	0.795175505	0.803047938	-0.00551439	-0.006236193
83	0.856686383	0.907662305	-0.02375534	-0.006373671	-0.099842087	-1.03E-01	0.001944863	0.002174372	0.79873739	0.804722159	-0.003934943	-0.004199299
84	0.864583329	0.914794824	-0.012985286	-0.007670359	-0.103615462	-1.05E-01	0.002516446	0.006018808	0.804739507	0.809950759	-0.002301512	-0.001651551
85	0.874677412	0.925885891	-0.010885717	-0.011223673	-0.109835755	-1.10E-01	0.005114882	0.004696433	0.810539374	0.815445211	-0.003364594	-0.00652724
86	0.89212957	0.947929912	-0.021211463	-0.02200208	-0.123250042	-1.37E-01	0.012984162	0.009047011	0.821574158	0.810822544	-0.01303612	-0.012955068
87	0.933833213	1.002468576	-0.043850612	-0.072614362	-0.151812926	-1.82E-01	0.028227369	0.061865727	0.849479249	0.820608724	-0.030413315	-0.010748636
88	0.935887595	0.87022018	-0.25419909	-0.33293009	-0.189739161	-1.16E-01	0.134528209	0.18900974	0.837677457	0.754200541	-0.194541559	-0.14392035
89	0.623123721	0.61676491	-0.195124438	-0.137829543	-0.067133901	-3.21E-02	0.196666595	0.166745854	0.580889618	0.584669107	-0.114250801	0.028916311
90	0.564927188	0.594073606	1.16E-05	0.029874085	6.49E-08	1.43E-02	0.190770665	0.163041787	0.550469562	0.608385691	0.071399172	0.192915872
91	0.623090606	0.687296093	0.195161982	0.254525351	0.067133959	5.85E-02	0.196667009	0.17831742	0.630442871	0.745838878	0.260341624	0.43284277
92	0.935873203	1.031869548	0.254216402	0.183806397	0.189739409	1.85E-01	0.134529482	0.130182493	0.970156982	1.216787006	0.298450119	0.31398889
93	0.933822314	0.968806552	0.043858425	0.036453215	0.151813203	1.59E-01	0.028228425	0.025534763	0.96007649	1.128247271	0.059520926	0.061987978
94	0.892114649	0.934717715	0.02121006	0.015011802	0.123249235	1.20E-01	0.012984885	0.004200537	0.901329426	1.055046889	0.035018159	0.019212339
95	0.874666742	0.919601897	0.010875545	0.009039147	0.109834269	1.06E-01	0.005114956	0.006048546	0.876062959	1.025729754	0.03845842	0.015087693
96	0.864582618	0.910900991	0.012973348	0.006834942	0.103614403	1.04E-01	0.002515942	0.004402631	0.875544657	1.015121461	0.061455507	0.011237573
97	0.85669423	0.90468267	0.023750487	0.006116314	0.099842227	1.01E-01	0.001944499	0.000465715	0.888696448	1.00555948	0.079434948	0.006582029
98	0.860025134	0.898728462	0.03483668	0.006226015	0.098219246	9.70E-02	0.001277428	0.000205525	0.908645961	0.995766409	0.091002545	0.00643154
99	0.865803734	0.891754664	0.041238048	0.007044914	0.096888144	9.64E-02	0.000662719	0.001386448	0.930564139	0.988144643	0.096427263	0.008431362
100	0.876612924	0.882076326	0.041466071	0.008728718	0.096306549	9.69E-02	-0.000343159	0.00090133	0.955354639	0.978976328	0.093086633	0.009630048
101	0.882941883	0.867394807	0.032693377	0.012015052	0.095851559	9.63E-02	0.000149797	3.95E-05	0.978720434	0.963715318	0.08287416	0.01205454
102	0.859326588	0.843012139	0.023233773	0.018412236	0.095739197	0.095585881	0.000113134	0.000188791	0.973795336	0.93859802	0.056235291	0.018601027
103	0.819453166	0.799813147	0.027674232	0.031338913	0.095464127	9.56E-02	-0.000139247	0.000570027	0.933853913	0.895418302	0.040177943	0.03190894
104	0.750491242	0.71667116	0.051164	0.061639449	0.095396544	0.095869699	6.10E-05	0.000550874	0.857671283	0.812540859	0.056558713	0.062190323
105	0.604227792	0.527506674	0.110425588	0.141529741	0.095509796	0.095974369	9.59E-07	-0.000414162	0.707589603	0.623481044	0.113383249	0.141115578
106	0.232121211	0.143184407	0.16474943	0.114445805	0.0954092	0.09577931	8.44E-06	-0.000647014	0.331723523	0.238963718	0.166463849	0.113798792
107	0.046652347	0.03078054	0.040504922	0.030246126	0.095641382	9.55E-02	0.000115868	-0.000435551	0.144901658	0.126247916	0.040893435	0.029810575
108	-0.005372335	-0.011339577	0.019616734	0.02288353	0.095794133	0.095894642	-0.000152336	6.09E-05	0.093332842	0.084555064	0.018846398	0.022944382
109	-0.056487194	-0.078330527	0.044435602	0.065519311	0.095840272	0.096847093	-0.000215211	-0.000412477	0.044471841	0.018516566	0.041681113	0.065106834
110	-0.244736762	-0.370463694	0.168477005	0.183626789	0.096342298	0.096700617	0.000244412	-0.001453089	-0.139776038	-0.273763077	0.160497809	0.1821737
111	-0.616551129	-0.662265787	0.131649517	0.086558359	0.096937222	0.096321681	-0.000716351	-0.000822503	-0.508703561	-0.565944106	0.111668067	0.085735857
112	-0.748314683	-0.776072783	0.082244839	0.041065874	0.098254393	0.098996484	-0.001326167	0.00019195	-0.653753737	-0.677076299	0.050174338	0.041257824
113	-0.80124546	-0.833547164	0.055362932	0.024067358	0.099886472	0.103290178	-0.002014877	-0.002530605	-0.722516826	-0.730256985	0.025757135	0.021536753
114	-0.83061414	-0.868549198	0.032170458	0.017596251	0.103649835	0.104956426	-0.002555115	-0.006226083	-0.760523438	-0.763592772	0.013655379	0.011370169
115	-0.860038948	-0.895824072	0.020185998	0.017301949	0.109877264	0.1115617	-0.0051402	-0.004444765	-0.785018512	-0.784262372	0.010056438	0.012857184
116	-0.889601339	-0.928614778	0.027372985	0.026881928	0.123286435	0.140559258	-0.012995359	-0.010716637	-0.807022634	-0.788055519	0.017210865	0.016165291
117	-0.940798282	-0.992397546	0.049351596	0.084635914	0.151835656	0.184825224	-0.028221508	-0.070708607	-0.842305356	-0.807572322	0.033618604	0.013927307
118	-0.950221053	-0.818880059	0.267301971	0.328882744	0.18972118	0.102692219	-0.134443288	-0.189578314	-0.83616105	-0.71618784	0.198912491	0.13930443
119	-0.630076984	-0.605136645	0.212394034	0.119156746	0.067193998	0.028765526	-0.196489804	-0.165575204	-0.580118804	-0.576371119	0.120475681	-0.046418458
120	-0.568232194	-0.592266993	0.015336283	-0.046577943	0.000131277	-0.016982369	-0.19055309	-0.163137414	-0.549788047	-0.609249362	-0.065056356	-0.209715356
121	-0.62368565	-0.70531863	-0.181492201	-0.272196685	-0.066903224	-0.064896602	-0.196394302	-0.181013886	-0.629703013	-0.770215232	-0.254258004	-0.453210571
122	-0.932899305	-1.030959935	-0.245880865	-0.154592315	-0.189277301	-0.188094785	-0.13431928	-0.116360147	-0.969542769	-1.21905472	-0.294060992	-0.270952462
123	-0.935218868	-0.965304595	-0.041062744	-0.032209343	-0.151393293	-0.155539061	-0.028203318	-0.021570426	-0.961361512	-1.120843656	-0.05728015	-0.053779769
124	-0.89710032	-0.935724844	-0.019055873	-0.013286655	-0.122867003	-0.118114304	-0.012989185	-0.004025549	-0.905852083	-1.053839147	-0.032680836	-0.017312204
125	-0.882712709	-0.923474882	-0.00880394	-0.007738422	-0.109469309	-0.105751477	-0.005138537	-0.006274267	-0.881810191	-1.029226359	-0.034322206	-0.014012689
126	-0.875821778	-0.917475779	-0.009726562	-0.005559482	-0.103250601	-0.104186646	-0.00254838	-0.004050087	-0.88188128	-1.021662425	-0.05773836	-0.009609569
127	-0.868456201	-0.91410705	-0.018526045	-0.00462646	-0.099470041	-0.100489692	-0.001980695	-0.000161994	-0.896601221	-1.014596742	-0.076076219	-0.004788454
128	-0.872550408	-0.911867484	-0.029728036	-0.004211096	-0.09784988	-0.096730181	-0.001314769	-0.000336335	-0.918971766	-1.008597665	-0.087690536	-0.00454743
129	-0.881670817	-0.910040353	-0.036904785	-0.004081819	-0.096531273	-0.096472205	-0.000692047	-0.001549778	-0.944899769	-1.006512558	-0.093084135	-0.005631597
130	-0.899261865	-0.908260109	-0.038142926	-0.004116563	-0.095957103	-0.097035771	0.000288111	-0.000755837	-0.976050674	-1.00529588	-0.089637919	-0.0048724
131	-0.918448449	-0.906207411	-0.028003985	-0.00426	-0.095465156	-0.09616149	-0.000157494	0.000127267	-1.010289344	-1.002368901	-0.078551813	-0.004132733
132	-0.914604359	-0.903760701	-0.012776024	-0.0045053	-0.095364794	-0.095412798	-0.000146386	-0.000328219	-1.025829382	-0.999173499	-0.050209177	-0.004833519
133	-0.907074578	-0.900548531	-0.005864101	-0.004936035	-0.09508543	-0.095742415	0.00013126	-0.000732033	-1.02249257	-0.996290946	-0.022050588	-0.005668068
134	-0.903253505	-0.896186056	-0.006214609	-0.005678046	-0.094975565	-0.096018452	-5.54E-05	-0.000380784	-1.012000616	-0.992204508	-0.012706085	-0.00605883
135	-0.897373539	-0.889872875	-0.003503994	-0.000461056	-0.095072047	-0.095749459	-5.27E-06	0.000557222	-1.002261585	-0.985622335	-0.007012812	9.62E-05
136	-0.886763256	-0.880460573	-0.005657149	-0.002532932	-0.094933013	-0.095569205	1.48E-06	0.000405283	-0.989652092	-0.976029778	-0.007877217	-0.002127649
137	-0.876537433	-0.865377966	-0.007969687	-0.006252473	-0.095101951	-0.095664568	-0.000133531	0.000245066	-0.978611611	-0.961042534	-0.009262409	-0.006007407
138	-0.853522342	-0.839951257	-0.012006977	-0.013274965	-0.09517289	-0.09592971	7.98E-05	0.000232576	-0.954691746	-0.935880967	-0.012597484	-0.01304239
139	-0.816990698	-0.794404173	-0.023714018	-0.027440751	-0.095125248	-0.096205248	0.000108737	0.000506092	-0.917369632	-0.890609421	-0.024163196	-0.026934659
140	-0.750708344	-0.705822156	-0.047467457	-0.061489895	-0.095502505	-0.096139242	-0.000272496	0.000832803	-0.850993003	-0.801961399	-0.048029201	-0.060657091
141	-0.603586222	-0.495781194	-0.112028516	-0.154435267	-0.095776137	-0.096207798	0.000382885	0.000503661	-0.703105545	-0.591988992	-0.11246542	-0.153931606
142	-0.231889878	-0.122987464	-0.164735148	-0.099101879	-0.096528866	-0.097704028	0.000786208	0.000239312	-0.330027395	-0.220691492	-0.164960479	-0.098862567
143	-0.043360449	-0.025953965	-0.043023655	-0.027866126	-0.097399823	-0.099822237	0.001174962	0.001743025	-0.14121511	-0.125776203	-0.042220478	-0.026123101
144	0.008671495	0.015959606	-0.021509541	-0.024704605	-0.099579623	-0.100937957	0.001401119	0.0034475	-0.090875187	-0.08497835	-0.020289212	-0.021257105
145	0.064164134	0.092161603	-0.047151041	-0.077505759	-0.102995525	-0.10548366	0.002854161	0.002728221	-0.038333313	-0.013322057	-0.044522869	-0.074777538
146	0.268528095	0.431271557	-0.181824494	-0.197276637	-0.110629316	-0.122255921	0.007597119	0.007788492	0.158884793	0.309015636	-0.174542274	-0.189488144
147	0.678327028	0.748763272	-0.155700484	-0.157095979	-0.127118521	-0.146964295	0.016559483	0.045297245	0.552730613	0.601798977	-0.140960539	-0.111798734
148	0.833855732	0.66740856	-0.306400354	-0.306738235	-0.146546949	-0.087182295	0.081955337	0.111101954	0.693318886	0.580226265	-0.234820623	-0.195636281
149	0.586528642	0.551587611	-0.249862607	-0.104915969	-0.06667493	-0.044599971	0.110092118	0.087713546	0.517734552	0.50698764	-0.158502304	-0.017202424
150	0.543085038	0.566529541	-0.053655009	0.055613468	-0.029366394	-0.021633617	0.095182399	0.078331936	0.505662242	0.544895924	0.019780151	0.133945404
151	0.60227682	0.707486646	0.143922725	0.276675268	0.000314147	-0.00223794	0.086151907	0.076498563	0.585985482	0.705248706	0.204020329	0.35317383
152	0.90066214	1.005136741	0.219703635	0.124325992	0.042763127	0.04047463	0.052272592	0.044713162	0.906910053	1.045611371	0.252681998	0.169039154
153	0.91445917	0.946131649	0.033219748	0.026441845	0.024332738	0.025246312	0.011669381	0.007555211	0.907003343	0.971377961	0.041820383	0.033997057
154	0.885974086	0.923473795	0.014084236	0.010745654	0.012339811	0.009029741	0.005416312	0.001345391	0.869590189	0.932503536	0.019527816	0.012091045
155	0.876802057	0.915079601	0.004499001	0.006126581	0.006542383	0.004282135	0.002331966	0.00275963	0.856025063	0.919361737	0.00937934	0.00888621
156	0.874658992	0.911928548	0.004954034	0.004358042	0.003826019	0.003828533	0.001187923	0.001545984	0.850204848	0.915757081	0.011499029	0.005904026
157	0.873182391	0.910798017	0.007890074	0.003580492	0.002276609	0.002035364	0.000852506	-0.000215225	0.847064476	0.912833381	0.021770308	0.003365267
158	0.873426783	0.910655019	0.011472446	0.003267975	0.001528745	0.000361835	0.000531666	3.41E-05	0.855163686	0.911016854	0.031568193	0.003302102
159	0.874596518	0.91073564	0.016304617	0.003168376	0.000969259	0.000390432	0.00032691	5.98E-04	0.866131984	0.911126072	0.036993993	0.003766162
160	0.886178118	0.910930933	0.020246287	0.003174076	0.000625245	0.000659794	-2.71E-05	0.000140892	0.884674792	0.911590727	0.03711417	0.003314968
161	0.900267303	0.910956174	0.015913795	0.003232358	0.000537873	0.000179819	0.000104187	-0.00025808	0.904796057	0.911135993	0.025936796	0.002974278
162	0.900118717	0.91085385	0.006969873	0.003335097	0.000453318	-0.000158966	4.64E-05	3.75E-05	0.90282458	0.910694884	0.010405504	0.003372633
163	0.897791969	0.910443601	0.001844277	0.00345982	0.000325995	8.16E-05	-2.69E-06	2.23E-04	0.898421449	0.910525242	0.00335225	0.003682734
164	0.896107216	0.909811208	0.002560224	0.003537517	0.000346676	2.03E-04	4.25E-05	-3.25E-05	0.895769419	0.910013799	0.003310992	0.003505028
165	0.895657682	0.908847986	6.24E-05	-0.002612085	0.000319891	-3.16E-05	-2.08E-05	-1.39E-04	0.894653562	0.908816383	0.000332877	-0.002751545
166	0.891952453	0.907570437	0.00019763	-0.002493869	0.000289232	-1.11E-04	2.45E-05	5.39E-05	0.890531936	0.907459618	0.000362034	-0.002439946
167	0.890717436	0.90584126	0.002052744	-0.002271903	0.000332788	5.76E-05	1.48E-05	1.02E-04	0.889178014	0.905898818	0.002088376	-0.002169845
168	0.888934167	0.903623233	0.000591707	-0.001985807	0.000305941	8.75E-05	1.15E-05	-5.08E-05	0.887207	0.903710693	0.000630449	-0.002036626
169	0.886338498	0.900667392	0.000795258	-0.001550597	0.000303957	-4.83E-05	1.48E-05	-7.07E-05	0.884543077	0.900619065	0.000822763	-0.001621327
170	0.883924902	0.89660524	0.005136196	-0.000899643	0.000320701	-5.94E-05	-5.64E-06	4.80E-05	0.882140619	0.896545853	0.005091355	-0.000851603
171	0.877527892	0.890888065	0.003010872	8.46E-05	0.000312736	4.57E-05	4.92E-06	5.17E-05	0.875707448	0.890933795	0.002986663	0.000136291
172	0.869981029	0.882413575	0.003178679	0.00181436	0.000308804	4.48E-05	1.48E-06	-4.24E-05	0.868136688	0.882458383	0.003161027	0.001771977
173	0.85672559	0.869106222	0.007037209	0.004957846	0.000307716	-3.96E-05	-3.52E-07	-3.89E-05	0.854876252	0.869066601	0.007016647	0.004918933
174	0.836779421	0.84681424	0.013173761	0.010800058	0.000310639	-3.46E-05	-2.60E-06	3.74E-05	0.834913642	0.846779607	0.013144832	0.01083743
175	0.800070003	0.80754394	0.025210548	0.022724112	0.000311098	3.54E-05	-3.21E-06	3.17E-05	0.798177336	0.807579368	0.02518949	0.022755807
176	0.728289989	0.730559659	0.047789791	0.052971115	0.000314337	2.97E-05	-7.34E-06	-3.44E-05	0.726342587	0.730589366	0.047808795	0.052936686
177	0.582045551	0.534743247	0.114283379	0.132412207	0.000327392	-3.71E-05	-1.53E-05	-2.74E-05	0.579972187	0.534706134	0.114375166	0.132384816
178	0.200699721	0.116926673	0.168222425	0.035968916	0.000328253	-1.28E-05	-8.94E-05	3.29E-05	0.198563225	0.116913852	0.168951373	0.03600182
179	0.019644089	0.016088839	0.082339379	0.01520189	0.000218179	2.06E-05	-6.88E-05	1.52E-05	0.018418273	0.016109452	0.083116958	0.015217131
180	9.35E-06	-0.016088839	0.067376723	0.01520189	0.000197912	2.06E-05	-4.59E-08	-1.52E-05	-0.000942441	-0.016068227	0.067733911	0.015186649
181	-0.01962149	-0.116926673	0.0823513	0.035968916	0.000218237	-1.28E-05	6.87E-05	-3.29E-05	-0.020571337	-0.116939494	0.082311753	0.035936012
182	-0.200660862	-0.534743247	0.168235819	0.132412207	0.000328377	-3.71E-05	8.93E-05	2.74E-05	-0.202012035	-0.534780361	0.167985536	0.132439598
183	-0.582011185	-0.730559659	0.114291139	0.052971115	0.000327552	2.97E-05	1.51E-05	3.44E-05	-0.583447709	-0.730529952	0.114241718	0.053005545
184	-0.728254268	-0.80754394	0.047803119	0.022724112	0.000314528	3.54E-05	7.05E-06	-3.17E-05	-0.729682439	-0.807508512	0.047765329	0.022692418
185	-0.800032317	-0.84681424	0.025226466	0.010800058	0.000311306	-3.46E-05	2.79E-06	-3.74E-05	-0.801459066	-0.846848874	0.025199605	0.010762686
186	-0.836737518	-0.869106222	0.013192945	0.004957846	0.000310822	-3.96E-05	2.02E-06	3.89E-05	-0.83816321	-0.869145844	0.013163473	0.00499676
187	-0.856677157	-0.882413575	0.007062135	0.00181436	0.000307794	4.48E-05	-4.50E-07	4.24E-05	-0.858105938	-0.882368768	0.007017467	0.001856743
188	-0.869917078	-0.890888065	0.003217714	8.46E-05	0.000308671	4.57E-05	-2.58E-06	-5.17E-05	-0.871353439	-0.890842334	0.003168992	3.29E-05
189	-0.877453723	-0.89660524	0.003048677	-0.000899643	0.000312178	-5.94E-05	-6.18E-06	-4.80E-05	-0.878873632	-0.896664628	0.003010614	-0.000947683
190	-0.883823327	-0.900667392	0.005162908	-0.001550597	0.000319491	-4.83E-05	4.32E-06	7.07E-05	-0.885204434	-0.90071572	0.005150362	-0.001479868
191	-0.886207503	-0.903623233	0.000801064	-0.001985807	0.000301951	8.75E-05	-1.58E-05	5.08E-05	-0.887634012	-0.903535774	0.000691506	-0.001934989
192	-0.888756487	-0.90584126	0.000722995	-0.002271903	0.000305175	5.76E-05	-1.30E-05	-1.02E-04	-0.890130579	-0.905783702	0.00060757	-0.002373962
193	-0.890624807	-0.907570437	0.001978904	-0.002493869	0.000330221	-1.11E-04	-1.34E-05	-5.39E-05	-0.891774228	-0.907681255	0.001903818	-0.002547791
194	-0.891877199	-0.908847986	0.000120221	-0.002612085	0.000287263	-3.16E-05	-2.23E-05	1.39E-04	-0.893005022	-0.908879589	-0.000123976	-0.002472625
195	-0.895594267	-0.909811208	-3.64E-05	0.003537517	0.000318555	0.000202591	2.39E-05	3.25E-05	-0.896291139	-0.909608617	-0.000305509	0.003570006
196	-0.89608604	-0.910443601	0.002428955	0.00345982	0.000346177	8.16E-05	-3.83E-05	-2.23E-04	-0.896177506	-0.91036196	0.001520072	0.003236906
197	-0.897837844	-0.91085385	0.001719566	0.003335097	0.000327202	-1.59E-04	6.95E-06	-3.75E-05	-0.897361146	-0.911012816	2.79E-05	0.00329756
198	-0.900291756	-0.910956174	0.007059043	0.003232358	0.000462728	1.80E-04	-4.45E-05	2.58E-04	-0.898413605	-0.910776355	0.003596519	0.003490437
199	-0.900558701	-0.910930933	0.016038854	0.003174076	0.000554755	6.60E-04	-0.000102931	-0.000140892	-0.896887906	-0.910271139	0.007088929	0.003033185
200	-0.886125389	-0.91073564	0.020265277	0.003168376	0.000627074	3.90E-04	2.58E-05	-0.000597786	-0.892472191	-0.910345209	0.004026754	0.00257059
201	-0.874559717	-0.910655019	0.016267126	0.003267975	0.000970462	3.62E-04	-0.000328193	-3.41E-05	-0.888706916	-0.910293184	0.005582306	0.003233847
202	-0.873456416	-0.910798017	0.011468194	0.003580492	0.001530112	2.04E-03	-0.000532875	2.15E-04	-0.888007423	-0.908762653	0.005679202	0.003795718
203	-0.873177235	-0.911928548	0.007899424	0.004358042	0.002276714	3.83E-03	-0.000853116	-0.001545984	-0.885657419	-0.908100015	0.003754053	0.002812057
204	-0.874648938	-0.915079601	0.004961593	0.006126581	0.003826211	4.28E-03	-0.00118805	-0.00275963	-0.886377254	-0.910797466	0.001131207	0.003366951
205	-0.876962033	-0.923473795	0.004485476	0.010745654	0.006559293	9.03E-03	-0.002327821	-0.001345391	-0.886954825	-0.914444054	0.000813918	0.009400263
206	-0.885947072	-0.946131649	0.014091074	0.026441845	0.012339917	2.52E-02	-0.005416691	-0.007555211	-0.891462434	-0.920885337	0.009218216	0.018886634
207	-0.914423574	-1.005136741	0.033223102	0.124325992	0.024332893	4.05E-02	-0.011669941	-0.044713162	-0.910335635	-0.96466211	0.024134282	0.079612831
208	-0.900618495	-0.707486646	0.219683515	0.276675268	0.042763233	-2.24E-03	-0.05227325	-0.076498563	-0.882128813	-0.709724587	0.181694785	0.200176705
209	-0.602259567	-0.566529541	0.143890464	0.055613468	0.000314272	-2.16E-02	-0.086152673	-0.078331936	-0.612515581	-0.588163157	0.077918979	-0.022718468
210	-0.543081791	-0.551587611	-0.053684775	-0.104915969	-0.029366325	-4.46E-02	-0.095183331	-0.087713546	-0.57670958	-0.596187581	-0.130125335	-0.192629515
211	-0.586538731	-0.66740856	-0.249892076	-0.306738235	-0.066674996	-8.72E-02	-0.110093215	-0.111101954	-0.650751033	-0.754590855	-0.339982864	-0.417840189
212	-0.833889764	-0.748763272	-0.306416889	-0.157095979	-0.146547282	-1.47E-01	-0.081956523	-0.045297245	-0.956244003	-0.895727568	-0.382387267	-0.202393224
213	-0.678356955	-0.431271557	-0.155690595	-0.197276637	-0.127118959	-1.22E-01	-0.01656056	-0.007788492	-0.803940478	-0.553527477	-0.179648448	-0.205065129
214	-0.268546573	-0.092161603	-0.181803522	-0.077505759	-0.1106296	-1.05E-01	-0.007598268	-0.002728221	-0.378816413	-0.197645264	-0.194320476	-0.08023398
215	-0.064182817	-0.015959606	-0.047077176	-0.024704605	-0.103048693	-1.01E-01	-0.002850708	-0.0034475	-0.167965322	-0.116897563	-0.052204611	-0.028152106
216	-0.008653037	0.025953965	-0.021485953	-0.027866126	-0.099580982	-9.98E-02	-0.001403294	-0.001743025	-0.108652085	-0.073868272	-0.023564605	-0.029609151
217	0.043364007	0.122987464	-0.043015052	-0.099101879	-0.097402035	-9.77E-02	-0.001178641	-0.000239312	-0.054244945	0.025283436	-0.044256018	-0.099341191
218	0.231894125	0.495781194	-0.16471122	-0.154435267	-0.096535583	-9.62E-02	-0.000792637	-0.000503661	0.134326065	0.399573396	-0.164831112	-0.154938927
219	0.603599773	0.705822156	-0.112009936	-0.061489895	-0.095784077	-9.61E-02	-0.000388087	-0.000832803	0.504795222	0.609682914	-0.111888562	-0.062322698
220	0.750728991	0.794404173	-0.047454206	-0.027440751	-0.095512909	-0.096205248	0.000267954	-0.000506092	0.651368362	0.698198925	-0.047026921	-0.027946842
221	0.816909001	0.839951257	-0.023515335	-0.013274965	-0.095165879	-9.59E-02	-0.000126728	-0.000232576	0.717640221	0.744021547	-0.023375974	-0.013507541
222	0.853505071	0.865377966	-0.011859579	-0.006252473	-0.095201492	-0.095664568	-8.56E-05	-0.000245066	0.753829217	0.769713398	-0.011689246	-0.00649754
223	0.876576913	0.880460573	-0.008012277	-0.002532932	-0.095113809	-9.56E-02	0.000154292	-0.000405283	0.776333681	0.784891368	-0.007549401	-0.002938215
224	0.886784475	0.889872875	-0.005710344	-0.000461056	-0.094936991	-0.095749459	2.19E-05	-0.000557222	0.786385657	0.794123416	-0.004738767	-0.001018278
225	0.897368147	0.896186056	-0.003557367	-0.005678046	-0.095069565	-0.096018452	2.56E-05	0.000380784	0.795912882	0.800167604	-0.002149497	-0.005297262
226	0.90324233	0.900548531	-0.006263371	-0.004936035	-0.094970631	-0.095742415	7.29E-05	0.000732033	0.80046172	0.804806115	-0.003150242	-0.004204002
227	0.907043605	0.903760701	-0.005908354	-0.0045053	-0.095077115	-0.095412798	-0.000114438	0.000328219	0.802806653	0.808347903	-0.000458972	-0.004177082
228	0.91440494	0.906207411	-0.012674952	-0.00426	-0.095338262	-0.09616149	0.000139394	-0.000127267	0.806965731	0.810045921	-0.002071394	-0.004387266
229	0.918424551	0.908260109	-0.027969641	-0.004116563	-0.095446604	-0.097035771	0.000163625	0.000755837	0.808810595	0.811224338	-0.002992749	-0.003360726
230	0.899261321	0.910040353	-0.038161474	-0.004081819	-0.095939401	-0.096472205	-0.000290776	0.001549778	0.810001411	0.813568149	0.001054981	-0.002532041
231	0.88164996	0.911867484	-0.036910905	-0.004211096	-0.096518346	-0.096730181	0.000683075	0.000336335	0.809865244	0.815137303	-0.002627003	-0.003874761
232	0.872530211	0.91410705	-0.029714671	-0.00462646	-0.097841735	-0.100489692	0.001302853	0.000161994	0.811301969	0.813617358	-0.003533887	-0.004464466
233	0.868464987	0.917475779	-0.018496222	-0.005559482	-0.099469766	-0.104186646	0.001972638	0.004050087	0.811765496	0.813289134	-0.002417543	-0.001509395
234	0.875807215	0.923474882	-0.009705662	-0.007738422	-0.103252625	-0.105751477	0.002543475	0.006274267	0.815191313	0.817723405	-0.000987034	-0.001464155
235	0.882690425	0.935724844	-0.008776658	-0.013286655	-0.109472345	-0.118114304	0.005135023	0.004025549	0.818395425	0.81761054	-0.001933279	-0.009261107
236	0.897094913	0.965304595	-0.019042	-0.032209343	-0.122869766	-0.155539061	0.012987186	0.021570426	0.826387713	0.809765533	-0.011190984	-0.010638917
237	0.935222098	1.030959935	-0.041055017	-0.154592315	-0.151395512	-0.188094785	0.028202216	0.116360147	0.850652702	0.842865151	-0.027621569	-0.038232167
238	0.932906605	0.70531863	-0.245879628	-0.272196685	-0.189279043	-0.064896602	0.134318665	0.181013886	0.834048607	0.640422028	-0.185306098	-0.091182798
239	0.623688775	0.592266993	-0.181494476	-0.046577943	-0.066904642	-0.016982369	0.196394063	0.163137414	0.581863725	0.575284624	-0.098963865	0.116559471
240	0.568232597	0.605136645	0.015333737	0.119156746	0.000130206	0.028765526	0.19055315	0.165575204	0.554728632	0.633902171	0.088206624	0.28473195
241	0.630074948	0.818880059	0.212391045	0.328882744	0.067193283	0.102692219	0.196490065	0.189578314	0.638202858	0.921572279	0.278423688	0.518461058
242	0.950214967	0.992397546	0.267300618	0.084635914	0.189720798	0.184825224	0.134443679	0.070708607	0.981734492	1.177222771	0.314133411	0.15534452
243	0.94079322	0.928614778	0.049353506	0.026881928	0.151835699	0.140559258	0.028221947	0.010716637	0.967526641	1.069174036	0.068593692	0.037598565
244	0.889597608	0.895824072	0.027375204	0.017301949	0.123286876	0.1115617	0.012995678	0.004444765	0.894280343	1.007385773	0.047996771	0.021746713
245	0.860037123	0.868549198	0.020187484	0.017596251	0.109878053	0.104956426	0.005140275	0.006226083	0.86388466	0.973505624	0.065541005	0.023822334
246	0.830611513	0.833547164	0.032168576	0.024067358	0.103650889	0.103290178	0.002554827	0.002530605	0.854847677	0.936837342	0.094242736	0.026597963
247	0.801240516	0.776072783	0.055359443	0.041065874	0.099887665	0.098996484	0.002014101	-0.00019195	0.845109525	0.875069267	0.122211323	0.040873924
248	0.748306552	0.662265787	0.082240343	0.086558359	0.098255574	0.096321681	0.001324781	0.000822503	0.811671458	0.758587468	0.154177367	0.087380862
249	0.616535309	0.370463694	0.131650638	0.183626789	0.096938138	0.096700617	0.00071427	0.001453089	0.71095881	0.467164312	0.206817353	0.185079878
250	0.244727404	0.078330527	0.168487658	0.065519311	0.096342508	9.68E-02	-0.000246965	0.000412477	0.372454477	0.17517762	0.213370591	0.065931788
251	0.05648598	0.011339577	0.04445236	0.02288353	0.095839625	0.095894642	0.000212349	-6.09E-05	0.174643286	0.107234219	0.057003331	0.022822679
252	0.005395201	-0.03078054	0.019617589	0.030246126	0.095792268	0.095467376	0.000149554	0.000435551	0.113067631	0.064686836	0.023953499	0.030681677
253	-0.046650814	-0.143184407	0.040487461	0.114445805	0.095638472	9.58E-02	-0.000117759	0.000647014	0.056317168	-0.047405097	0.041927577	0.115092819
254	-0.232126653	-0.527506674	0.164735675	0.141529741	0.095405969	9.60E-02	-9.24E-06	0.000414162	-0.130469718	-0.431532305	0.164439468	0.141943903
255	-0.604240574	-0.71667116	0.110414438	0.061639449	0.095506704	0.095869699	-6.27E-07	-0.000550874	-0.500920378	-0.620801461	0.109357341	0.061088575
256	-0.750505431	-0.799813147	0.051156977	0.031338913	0.095394178	9.56E-02	-5.99E-05	-0.000570027	-0.645840697	-0.704207992	0.04873344	0.030768886
257	-0.819468899	-0.843012139	0.027668758	0.018412236	0.095462543	9.56E-02	0.000140526	-0.000188791	-0.713151145	-0.747426258	0.022945006	0.018223445
258	-0.859344772	-0.867394807	0.023231479	0.012015052	0.095738242	9.63E-02	-0.000112379	-3.95E-05	-0.749863803	-0.771074296	0.013610508	0.011975564
259	-0.882959871	-0.882076326	0.032695529	0.008728718	0.095850468	9.69E-02	-0.000149562	-0.00090133	-0.770447364	-0.785176324	0.009657378	0.007827388
260	-0.876627026	-0.891754664	0.041470704	0.007044914	0.096304745	9.64E-02	0.000343574	-0.001386448	-0.782337796	-0.795364686	0.002993291	0.005658465
261	-0.865815398	-0.898728462	0.041242475	0.006226015	0.096886139	9.70E-02	-0.000661783	-0.000205525	-0.789152632	-0.801690516	0.005433563	0.006020491
262	-0.860035798	-0.90468267	0.034840951	0.006116314	0.098217602	1.01E-01	-0.001275917	-0.000465715	-0.795200648	-0.803805861	0.005521449	0.005650599
263	-0.856703948	-0.910900991	0.023754521	0.006834942	0.099841113	1.04E-01	-0.001942732	-0.004402631	-0.798762281	-0.806680522	0.0039337	0.00243231
264	-0.86459103	-0.919601897	0.012977076	0.009039147	0.103613544	1.06E-01	-0.002514331	-0.006048546	-0.80475666	-0.81347404	0.002294268	0.002990601
265	-0.874675276	-0.934717715	0.010879086	0.015011802	0.10983343	1.20E-01	-0.00511353	-0.004200537	-0.810546813	-0.814388541	0.003359379	0.010811265
266	-0.892123151	-0.968806552	0.021214277	0.036453215	0.12324819	1.59E-01	-0.012983539	-0.025534763	-0.821577322	-0.809365833	0.013039925	0.010918452
267	-0.933831947	-1.031869548	0.043861982	0.183806397	0.151811712	1.85E-01	-0.028226813	-0.130182493	-0.849487719	-0.846952089	0.030425901	0.053623903
268	-0.935888161	-0.687296093	0.254216534	0.254525351	0.189737972	5.85E-02	-0.134526792	-0.17831742	-0.837688285	-0.628753308	0.194564219	0.076207931
269	-0.623118382	-0.594073606	0.195150604	0.029874085	0.067133242	1.43E-02	-0.196664085	-0.163041787	-0.580889669	-0.579761521	0.114283904	-0.133167701
270	-0.564937605	-0.61676491	4.07E-06	-0.137829543	-3.50E-07	-3.21E-02	-0.190767395	-0.166745854	-0.550483218	-0.648860713	-0.071377528	-0.304575397
271	-0.623104259	-0.87022018	-0.195145838	-0.33293009	-0.067133828	-1.16E-01	-0.196662817	-0.18900974	-0.630458246	-0.986239819	-0.260319966	-0.52193983
272	-0.935885201	-1.002468576	-0.254202102	-0.072614362	-0.189738529	-1.82E-01	-0.134524303	-0.061865727	-0.970169075	-1.184328427	-0.298431482	-0.134480089
273	-0.933835887	-0.947929912	-0.043845671	-0.02200208	-0.151812077	-1.37E-01	-0.028222624	-0.009047011	-0.960091138	-1.085037281	-0.059504599	-0.031049091
274	-0.892128661	-0.925885891	-0.021203903	-0.011223673	-0.123247931	-1.10E-01	-0.012978634	-0.004696433	-0.901344601	-1.036326571	-0.035008315	-0.015920106
275	-0.874673504	-0.914794824	-0.010877981	-0.007670359	-0.109831925	-1.05E-01	-0.005109114	-0.006018808	-0.876070795	-1.019638888	-0.038457982	-0.013689168
276	-0.864575095	-0.907662305	-0.012980008	-0.006373671	-0.103609713	-1.03E-01	-0.002511035	-0.002174372	-0.875537818	-1.010602451	-0.061459859	-0.008548044
277	-0.856675242	-0.9017115	-0.023754376	-0.00609379	-0.099834497	-9.87E-02	-0.001940518	0.000142402	-0.888676067	-1.000375061	-0.079436838	-0.005951388
278	-0.860004072	-0.895466005	-0.034836828	-0.006499526	-0.0982092	-9.63E-02	-0.001274617	-0.000914741	-0.908621499	-0.991805136	-0.091001223	-0.007414267
279	-0.865787926	-0.887412977	-0.041239615	-0.007737377	-0.096876664	-9.67E-02	-0.000661496	-1.35E-03	-0.930543999	-0.984134411	-0.096427408	-0.009083265
280	-0.876606261	-0.875607199	-0.041477668	-0.010186207	-0.096294749	-0.096738922	0.000341799	-3.71E-04	-0.955342925	-0.972346121	-0.093096399	-0.010557013
281	-0.882946306	-0.856697268	-0.032724446	-0.014684666	-0.095840024	-9.59E-02	-0.000155226	-7.34E-06	-0.978716493	-0.952568424	-0.082903681	-0.014692007
282	-0.859340247	-0.824678315	-0.023279094	-0.023501785	-0.095728357	-9.55E-02	-0.000123776	-0.000418864	-0.973801566	-0.920197931	-0.056288387	-0.023920649
283	-0.819471637	-0.765791766	-0.027724616	-0.043023827	-0.09545532	-9.57E-02	0.000123968	-0.000604755	-0.93387002	-0.861535653	-0.04023819	-0.043628583
284	-0.750515277	-0.643634091	-0.051203594	-0.09383883	-0.095391751	-0.095951925	-7.86E-05	-0.000438468	-0.857694139	-0.739586016	-0.056610409	-0.094277299
285	-0.604257218	-0.325293595	-0.11044435	-0.180469422	-0.095509885	-9.59E-02	-1.81E-05	0.000546027	-0.707620839	-0.421212753	-0.113415494	-0.179923395
286	-0.232153358	-0.067677413	-0.164746482	-0.056864378	-0.095414106	-0.095592366	-2.31E-05	0.00062378	-0.331760867	-0.163269779	-0.166472876	-0.056240598
287	-0.046684108	-0.007337593	-0.040484876	-0.021559788	-0.095650091	-0.095546331	-0.000126674	0.000148683	-0.144941282	-0.102883924	-0.040882487	-0.021411106
288	0.005342101	0.03594302	-0.019587241	-0.033888838	-0.095805144	-0.096410108	0.000145862	3.19E-06	-0.093372656	-0.060467088	-0.018822508	-0.033885652
289	0.056458102	0.168051245	-0.044405939	-0.132707277	-0.095852482	-0.096961871	0.00021299	0.001010849	-0.044511204	0.071089374	-0.041653563	-0.131696428
290	0.244710832	0.555912564	-0.168455979	-0.133469356	-0.096355124	-0.096319035	-0.000243653	0.001407784	0.139739638	0.459593529	-0.160476464	-0.132061572
291	0.616531701	0.729584678	-0.131638708	-0.057885651	-0.09694899	-0.097184086	0.0007185	6.71E-05	0.508674381	0.632400592	-0.111656425	-0.057818579
292	0.748303763	0.80897202	-0.082240023	-0.030863543	-0.098263823	-0.101297287	0.001329235	0.000620442	0.653732729	0.707674733	-0.050167936	-0.030243101
293	0.801238867	0.852880638	-0.055361196	-0.019965345	-0.099893516	-0.104406414	0.002019336	0.004802406	0.722501239	0.748474224	-0.025752337	-0.015162939
294	0.830608208	0.882424932	-0.032171972	-0.0165713	-0.103654859	-0.106498567	0.002560571	0.00593402	0.760509292	0.775926365	-0.013652667	-0.01063728
295	0.8600336	0.910379027	-0.020190085	-0.020143978	-0.109880838	-0.12260713	0.005145615	0.004418622	0.785005301	0.787771897	-0.010055493	-0.015725357
296	0.889595973	0.954161852	-0.027377322	-0.042584461	-0.123288734	-0.163477682	0.013000311	0.029905295	0.807009282	0.79068417	-0.017209741	-0.012679167
297	0.940791431	1.010595285	-0.049355432	-0.214813969	-0.151837194	-0.179254334	0.028225991	0.144582497	0.842288504	0.831340951	-0.033615982	-0.070231472
298	0.950212799	0.662870917	-0.267306795	-0.233268925	-0.189722638	-0.052871962	0.134447002	0.175782967	0.836139303	0.609998955	-0.198901991	-0.057485958
299	0.630067539	0.589106462	-0.212401981	-0.016180504	-0.067195699	-0.010750304	0.196492523	0.163200027	0.580106227	0.578356157	-0.120462581	0.147019523
300	0.56821885	0.621426888	-0.015345176	0.155382204	-0.000133038	0.035494579	0.190555449	0.168111062	0.549778108	0.656921467	0.065068578	0.323493266
301	0.623662943	0.910431415	0.18148223	0.323567359	0.066900527	0.130474823	0.196397473	0.186093219	0.629690287	1.040906239	0.254270469	0.509660577
302	0.932860127	0.995605841	0.245869767	0.06270577	0.189271793	0.178682377	0.134323659	0.053952958	0.969523087	1.174288218	0.294067841	0.116658728
303	0.935170526	0.946986031	0.041053126	0.019534168	0.15138431	0.133801893	0.028208663	0.007519408	0.961329512	1.080787924	0.057277443	0.027053576
304	0.897041	0.928457489	0.019047535	0.009824591	0.12285604	0.109306128	0.012996615	0.005006736	0.905800392	1.037763617	0.032678688	0.014831327
305	0.882448086	0.919965162	0.008809706	0.006417103	0.109386855	0.10481046	0.005155629	0.005931274	0.881554327	1.024775623	0.034338207	0.012348376
306	0.875722616	0.915609366	0.009733916	0.004999038	0.103235227	0.102726522	0.002562219	0.001747927	0.881794687	1.018335888	0.057764084	0.006746965
307	0.868492182	0.912883629	0.018598923	0.004368488	0.099481563	0.098238604	0.002016935	-0.000218374	0.896658155	1.011122233	0.076184921	0.004150115
308	0.872407211	0.910951715	0.029768233	0.004133174	0.097846646	0.096233286	0.001320296	0.0011342	0.918872542	1.007185002	0.087776004	0.005267374
309	0.881565345	0.909133996	0.037065702	0.00407887	0.09652752	0.096896586	0.000707894	0.001356856	0.944890866	1.006030582	0.093283735	0.005435726
310	0.898867038	0.907296368	0.03838405	0.004161617	0.095922166	0.096733065	-0.000269669	1.53E-04	0.975711892	1.004029433	0.089818323	0.004314213
311	0.917905547	0.90506032	0.028527479	0.004372481	0.095385719	0.09564296	0.000180117	-1.22E-05	1.009622257	1.000703281	0.079095845	0.004360296
312	0.91487458	0.902269061	0.012309347	0.004716989	0.095346991	0.09549538	0.00011931	0.00063503	1.026304914	0.997764441	0.050154094	0.005352019
313	0.907892384	0.898513945	0.005177114	0.005251334	0.095185607	0.095958761	-0.000121838	0.000608717	1.023781869	0.994472707	0.020916318	0.005860051
314	0.902811056	0.89334355	0.006061511	0.005367409	0.094970413	0.095917709	1.12E-05	0.000110236	1.011389492	0.989261259	0.012445243	0.005477645
315	0.897503127	0.885724564	0.003324188	0.00143196	0.095066982	0.095618491	-5.03E-06	-0.000502335	1.002399956	0.981343055	0.006804685	0.000929625
316	0.886455782	0.873793011	0.004914346	0.004168553	0.094929217	0.095591619	-4.28E-05	-0.00031129	0.989319016	0.96938463	0.007013068	0.003857263
317	0.875640658	0.854314997	0.00867949	0.009112442	0.094997125	0.095779731	0.000155143	-0.000213886	0.9776141	0.950094728	0.009996049	0.008898555
318	0.853081129	0.820768232	0.012434866	0.018901309	0.095171417	0.09608856	-8.31E-05	-0.000327846	0.954211011	0.916856792	0.013038781	0.018573463
319	0.817207981	0.758220798	0.023618026	0.040671007	0.09518933	0.096223349	-7.89E-05	-0.000712538	0.917621079	0.854444147	0.024056605	0.039958469
320	0.750999061	0.626101038	0.047292393	0.097657903	0.095539981	0.096064235	0.000294295	-0.000761459	0.85130186	0.722165273	0.047836061	0.096896444
321	0.603714773	0.280826767	0.11193642	0.174698284	0.095789012	0.096752318	-0.000368029	-0.000233305	0.703221397	0.377579085	0.112368852	0.174464979
322	0.231906024	0.058228437	0.164663019	0.049885882	0.096538401	0.098841305	-0.000780889	-0.000753109	0.330027734	0.157069742	0.164889063	0.049132773
323	0.043410001	0.003664988	0.043044081	0.020860097	0.097397629	0.100440239	-0.001146709	-0.002828904	0.141247413	0.104105227	0.042274819	0.018031193
324	-0.008646213	-0.042467454	0.021471538	0.039206121	0.09959468	0.102181942	-0.001389518	-0.003272819	0.090902457	0.059714488	0.020264654	0.035933302
325	-0.064171228	-0.203947996	0.047075417	0.157576426	0.103059709	0.112044528	-0.002841143	-0.003342402	0.038380297	-0.091903468	0.044453515	0.154234025
326	-0.268533434	-0.619424565	0.181802664	0.156956023	0.11063849	0.135115358	-0.007591393	-0.019809019	-0.158892603	-0.484309207	0.174526376	0.137147004
327	-0.67834767	-0.80646976	0.155694423	0.258265631	0.127126273	0.138406402	-0.016557113	-0.092223546	-0.552756262	-0.668063358	0.140957207	0.166042084
328	-0.833885745	-0.577891007	0.306424417	0.209112125	0.146552966	0.058417286	-0.081954807	-0.098009569	-0.693356571	-0.51947372	0.234849603	0.111102556
329	-0.586541635	-0.553087834	0.249901487	0.014442635	0.066679378	0.03411356	-0.110092121	-0.082129523	-0.517750514	-0.518974274	0.158546008	-0.067686888
330	-0.543090862	-0.60666674	0.053692725	-0.162564535	0.02936962	0.013594453	-0.095182302	-0.075615424	-0.505670364	-0.593072287	-0.019740211	-0.238179959
331	-0.602271449	-0.926393738	-0.143886301	-0.293243019	-0.000311998	-0.022586138	-0.086151606	-0.073787861	-0.585983734	-0.948979876	-0.203984053	-0.36703088
332	-0.900628586	-0.970977867	-0.219682891	-0.051215032	-0.042761826	-0.035471977	-0.052272239	-0.020500722	-0.906884467	-1.006449844	-0.252662413	-0.071715754
333	-0.914428989	-0.931870033	-0.033223333	-0.015985291	-0.02433202	-0.015711637	-0.01166909	-0.002244634	-0.906982838	-0.947581671	-0.041823242	-0.018229925
334	-0.885945767	-0.918291641	-0.014087415	-0.007870918	-0.012339227	-0.005507714	-0.005416028	-0.002127697	-0.869573214	-0.923799355	-0.019529467	-0.009998615
335	-0.876953999	-0.91309778	-0.004473606	-0.00502527	-0.006558479	-0.00406925	-0.002327269	-0.002510012	-0.856191937	-0.91716703	-0.009350796	-0.007535283
336	-0.874636252	-0.911221422	-0.004940684	-0.003890152	-0.003825051	-0.003111333	-0.001187463	-0.000460349	-0.850206404	-0.914332754	-0.011466358	-0.0043505
337	-0.873160147	-0.910660561	-0.007875827	-0.003396781	-0.002275095	-0.001001716	-0.000852516	0.000297806	-0.84704674	-0.911662278	-0.021715946	-0.003098976
338	-0.873433098	-0.910666814	-0.011451652	-0.003202603	-0.001528209	-0.000212821	-0.000532628	-0.000428869	-0.855134359	-0.910879635	-0.031513655	-0.003631473
339	-0.87452259	-0.910844323	-0.016264575	-0.003153338	-0.000968548	-0.000612824	-0.000328689	-0.000460518	-0.866025758	-0.911457146	-0.036954222	-0.003613856
340	-0.886083572	-0.91096101	-0.020282418	-0.003200974	-0.00062557	-0.00047976	2.44E-05	0.000150571	-0.884554982	-0.911440769	-0.037154054	-0.003050403
341	-0.900523271	-0.910937728	-0.016063271	-0.003282364	-0.000553944	7.19E-05	-0.000104621	0.000161413	-0.905038941	-0.9108658	-0.026110109	-0.003120951
342	-0.900261778	-0.910672037	-0.007083919	-0.003387055	-0.000462415	7.71E-05	-4.62E-05	-0.000196433	-0.902973752	-0.910594938	-0.010524272	-0.003583488
343	-0.897816781	-0.910182366	-0.001745039	-0.00353286	-0.000327308	-1.99E-04	5.42E-06	-0.000119902	-0.89844393	-0.910381103	-0.003254084	-0.003652762
344	-0.896084078	-0.909338608	-0.002466277	-0.001373176	-0.000346957	-1.02E-04	-3.95E-05	1.37E-04	-0.895741674	-0.909440681	-0.003217026	-0.001235918
345	-0.895610878	-0.908266053	-3.61E-06	0.002587611	-0.000319951	1.16E-04	2.32E-05	5.41E-05	-0.894601622	-0.908150098	-0.000273436	0.002641758
346	-0.891903229	-0.906761104	-0.000147142	0.002395574	-0.000288706	3.39E-05	-2.23E-05	-1.16E-04	-0.890476747	-0.906727219	-0.000311405	0.002279118
347	-0.890662047	-0.904833874	-0.002004281	0.00212256	-0.000331645	-0.000105984	-1.30E-05	-2.94E-05	-0.889117682	-0.904939858	-0.002039411	0.002093154
348	-0.888806861	-0.902209325	-0.000718068	0.001778959	-0.000306139	-2.10E-05	-1.21E-05	9.02E-05	-0.887074746	-0.902230366	-0.000758115	0.001869153
349	-0.886253129	-0.89881186	-0.000771848	0.001293864	-0.000302342	7.97E-05	-1.46E-05	1.13E-05	-0.884451865	-0.898732203	-0.000799465	0.001305206
350	-0.883850702	-0.894032126	-0.005133432	0.000477742	-0.000319426	5.78E-06	5.26E-06	-7.25E-05	-0.882060936	-0.894026342	-0.005088251	0.000405264
351	-0.877466325	-0.887126058	-0.003036354	-0.000886077	-0.000311964	-6.52E-05	-5.54E-06	-2.93E-06	-0.875640221	-0.887191277	-0.003012461	-0.000889009
352	-0.869922527	-0.876449828	-0.003218901	-0.003161014	-0.000308518	-5.43E-07	-2.21E-06	5.84E-05	-0.868072724	-0.876450371	-0.003201767	-0.003102623
353	-0.856684317	-0.859463319	-0.007063356	-0.007282998	-0.000307736	5.31E-05	-1.47E-07	-1.33E-06	-0.854829657	-0.859410259	-0.007043141	-0.007284333
354	-0.836740602	-0.830302979	-0.013191625	-0.015608497	-0.000310817	-2.35E-06	2.29E-06	-4.91E-05	-0.834869504	-0.830305324	-0.013162975	-0.01565755
355	-0.800030346	-0.776029984	-0.025222727	-0.034376778	-0.000311314	-4.62E-05	3.04E-06	2.92E-06	-0.798132158	-0.776076176	-0.025201959	-0.034373858
356	-0.728247304	-0.659354782	-0.04779933	-0.085358759	-0.000314531	4.25E-06	7.28E-06	4.51E-05	-0.726293775	-0.659350531	-0.047818911	-0.085313618
357	-0.581998771	-0.307666709	-0.114293229	-0.10461559	-0.000327551	4.28E-05	1.53E-05	-1.38E-05	-0.579918022	-0.307623948	-0.114386234	-0.104629407
358	-0.200639536	-0.044158279	-0.168263595	-0.020252808	-0.000328385	-8.82E-06	8.95E-05	-2.72E-05	-0.198494096	-0.044167103	-0.168998488	-0.020279998
359	-0.019617113	-1.77E-15	-0.082402238	-1.33E-02	-0.000218267	-2.50E-05	6.89E-05	-3.70E-17	-0.01838797	-2.50E-05	-0.083188354	-0.013285518